./fake_data/0.jpg| 356,344,457,445,2
./fake_data/1.jpg| 139,405,250,512,1 280,412,320,452,1
./fake_data/2.jpg| 216,305,282,371,1 332,134,358,160,2 149,482,221,512,2 59,286,171,398,2
./fake_data/3.jpg| 9,139,96,226,1 401,13,423,35,1
./fake_data/4.jpg| 194,41,285,132,2
./fake_data/5.jpg| 399,366,504,471,2 467,355,512,408,1
./fake_data/6.jpg| 501,479,512,511,1 91,2,190,101,1 170,98,265,193,1
./fake_data/7.jpg| 101,487,185,512,1 93,223,185,315,2 330,79,441,190,2 278,264,345,331,2
./fake_data/8.jpg| 46,53,66,73,1 36,223,148,335,2 233,8,274,49,1 362,175,430,243,1
./fake_data/9.jpg| 415,424,494,503,2 0,309,85,394,1
./fake_data/10.jpg| 188,273,231,316,2
./fake_data/11.jpg| 26,0,141,115,1 88,170,125,207,1 316,12,391,87,2
./fake_data/12.jpg| 146,371,237,462,1
./fake_data/13.jpg| 363,452,458,512,2 381,417,458,494,1 481,238,512,357,1 176,36,233,93,1
./fake_data/14.jpg| 166,104,210,148,1
./fake_data/15.jpg| 192,158,252,218,1 277,341,370,434,2
./fake_data/16.jpg| 310,150,422,262,1
./fake_data/17.jpg| 148,217,248,317,2 381,186,466,271,1
./fake_data/18.jpg| 137,227,251,341,1 236,120,337,221,1 227,134,304,211,2
./fake_data/19.jpg| 393,103,470,180,1 142,67,177,102,1
./fake_data/20.jpg| 481,440,512,475,2 367,467,397,497,2 158,372,227,441,2 251,464,305,512,1
./fake_data/21.jpg| 112,272,191,351,1 428,14,493,79,1 117,481,222,512,2 487,7,508,28,2
./fake_data/22.jpg| 204,242,306,344,1 142,462,234,512,2
./fake_data/23.jpg| 247,198,323,274,2 12,298,87,373,2
./fake_data/24.jpg| 168,299,277,408,2 179,224,286,331,1
./fake_data/25.jpg| 398,229,476,307,2 300,242,360,302,1
./fake_data/26.jpg| 389,338,445,394,2
./fake_data/27.jpg| 369,502,484,512,2 175,276,210,311,2
./fake_data/28.jpg| 83,453,116,486,2 251,2,333,84,2
./fake_data/29.jpg| 93,432,128,467,1 75,368,101,394,1
./fake_data/30.jpg| 209,382,263,436,2 236,23,351,138,1
./fake_data/31.jpg| 389,385,472,468,2 277,126,318,167,1 450,226,512,336,1
./fake_data/32.jpg| 68,135,131,198,1 428,277,475,324,1 234,66,282,114,2
./fake_data/33.jpg| 372,96,460,184,1 431,425,459,453,2 132,302,239,409,2 436,174,512,278,2
./fake_data/34.jpg| 499,265,512,317,2
./fake_data/35.jpg| 350,495,384,512,2 511,215,512,263,1
./fake_data/36.jpg| 283,349,310,376,2 143,463,229,512,1
./fake_data/37.jpg| 505,296,512,351,1 7,377,100,470,1
./fake_data/38.jpg| 383,230,502,349,1 471,492,512,512,2 413,148,446,181,2 43,153,100,210,2
./fake_data/39.jpg| 351,509,394,512,2 365,35,468,138,1 313,223,380,290,1
./fake_data/40.jpg| 310,490,423,512,1
./fake_data/41.jpg| 267,250,344,327,2 302,258,391,347,1 316,283,391,358,2 347,302,462,417,2
./fake_data/42.jpg| 248,20,322,94,2
./fake_data/43.jpg| 412,499,504,512,1 84,118,174,208,2 308,253,379,324,2 120,92,209,181,2
./fake_data/44.jpg| 328,123,383,178,1
./fake_data/45.jpg| 473,33,506,66,1 329,163,442,276,1 236,143,325,232,1 473,402,512,502,2
./fake_data/46.jpg| 213,4,332,123,2 332,283,393,344,1 397,336,495,434,1 427,8,512,105,1
./fake_data/47.jpg| 255,334,285,364,2
./fake_data/48.jpg| 214,185,299,270,1 482,205,512,286,1 118,169,192,243,2
./fake_data/49.jpg| 81,56,144,119,2 258,373,345,460,2
./fake_data/50.jpg| 148,401,169,422,1 106,428,151,473,2 145,279,166,300,2 258,155,347,244,1
./fake_data/51.jpg| 134,311,239,416,1
./fake_data/52.jpg| 154,144,222,212,1 128,262,213,347,1 349,448,389,488,1
./fake_data/53.jpg| 214,416,300,502,2 209,165,277,233,2
./fake_data/54.jpg| 276,261,328,313,2 109,353,223,467,1 217,208,274,265,1 369,236,485,352,2
./fake_data/55.jpg| 217,510,304,512,2 138,244,191,297,2
./fake_data/56.jpg| 207,271,263,327,1 106,170,158,222,2 510,10,512,90,2 375,403,478,506,1
./fake_data/57.jpg| 230,38,294,102,2 326,288,380,342,1 75,186,181,292,2
./fake_data/58.jpg| 132,450,188,506,1 45,366,144,465,2 407,12,439,44,2 268,228,338,298,2
./fake_data/59.jpg| 35,137,152,254,2
./fake_data/60.jpg| 404,181,485,262,1 115,307,187,379,2 421,221,512,338,1 57,289,163,395,2
./fake_data/61.jpg| 53,197,119,263,1
./fake_data/62.jpg| 172,476,285,512,2 126,303,206,383,2 182,101,216,135,1
./fake_data/63.jpg| 282,96,358,172,1 143,50,177,84,2
./fake_data/64.jpg| 264,283,312,331,1
./fake_data/65.jpg| 350,256,396,302,2 85,34,151,100,2 270,135,296,161,2 29,29,88,88,1
./fake_data/66.jpg| 363,493,478,512,1 399,82,508,191,2 312,153,333,174,2 178,290,237,349,1
./fake_data/67.jpg| 125,427,230,512,2 331,145,372,186,1 476,489,497,510,2 457,354,512,469,1
./fake_data/68.jpg| 428,290,469,331,2 49,424,162,512,1
./fake_data/69.jpg| 443,221,502,280,2 77,0,138,61,1
./fake_data/70.jpg| 297,85,411,199,2 19,14,89,84,2 482,355,512,409,2
./fake_data/71.jpg| 381,315,463,397,2 480,456,512,512,2 349,438,395,484,2 85,411,131,457,2
./fake_data/72.jpg| 408,377,467,436,2
./fake_data/73.jpg| 384,406,458,480,2 147,492,241,512,2 117,343,196,422,1 79,43,113,77,2
./fake_data/74.jpg| 350,268,441,359,1
./fake_data/75.jpg| 19,230,39,250,1
./fake_data/76.jpg| 92,334,164,406,1 321,279,423,381,1 349,275,411,337,1
./fake_data/77.jpg| 119,299,163,343,1 233,296,269,332,2
./fake_data/78.jpg| 33,72,61,100,2
./fake_data/79.jpg| 19,185,122,288,1
./fake_data/80.jpg| 409,0,496,87,1 165,84,212,131,1 220,11,313,104,2
./fake_data/81.jpg| 385,270,428,313,2
./fake_data/82.jpg| 210,286,267,343,2
./fake_data/83.jpg| 255,47,287,79,1 354,104,469,219,1 509,445,512,479,1 75,165,115,205,1
./fake_data/84.jpg| 331,167,430,266,1 421,510,449,512,2 101,412,148,459,2
./fake_data/85.jpg| 180,91,254,165,1 38,165,121,248,1 47,79,71,103,1 427,348,512,458,2
./fake_data/86.jpg| 381,3,436,58,2 332,298,366,332,2 491,127,512,237,2 459,451,512,512,1
./fake_data/87.jpg| 272,358,312,398,2 217,290,254,327,1
./fake_data/88.jpg| 316,259,397,340,2 90,358,121,389,1
./fake_data/89.jpg| 325,144,436,255,2 348,25,465,142,2 25,452,143,512,1
./fake_data/90.jpg| 457,62,512,137,1 141,425,260,512,2 422,195,468,241,2 284,191,341,248,1
./fake_data/91.jpg| 24,17,95,88,1 109,334,137,362,2
./fake_data/92.jpg| 473,186,512,270,2
./fake_data/93.jpg| 140,74,256,190,2 456,86,512,190,1 485,503,512,512,1 170,312,254,396,2
./fake_data/94.jpg| 426,479,461,512,2
./fake_data/95.jpg| 84,266,190,372,2 187,254,291,358,2 195,264,275,344,2 424,492,488,512,2
./fake_data/96.jpg| 34,434,118,512,2
./fake_data/97.jpg| 51,225,103,277,1 226,455,289,512,1 416,260,489,333,1 261,376,375,490,2
./fake_data/98.jpg| 394,450,459,512,2 385,73,452,140,1 331,304,409,382,1 9,1,103,95,1
./fake_data/99.jpg| 99,107,194,202,1 433,499,474,512,2 212,38,314,140,1 239,475,287,512,2
./fake_data/100.jpg| 485,345,512,415,1
./fake_data/101.jpg| 18,470,135,512,1
./fake_data/102.jpg| 152,69,201,118,2 236,183,267,214,1
./fake_data/103.jpg| 462,35,508,81,1 363,0,474,111,1
./fake_data/104.jpg| 286,488,358,512,1
./fake_data/105.jpg| 5,358,76,429,2 219,338,314,433,2 410,207,501,298,2
./fake_data/106.jpg| 64,56,144,136,2 385,465,502,512,2 412,405,460,453,1
./fake_data/107.jpg| 146,310,189,353,2
./fake_data/108.jpg| 150,161,252,263,2 401,317,506,422,2 103,381,173,451,2 255,477,277,499,2
./fake_data/109.jpg| 490,484,512,512,2 303,23,350,70,1 75,377,119,421,1 107,180,155,228,2
./fake_data/110.jpg| 163,209,262,308,2 273,381,304,412,2 241,45,307,111,2 390,407,422,439,2
./fake_data/111.jpg| 49,323,136,410,1
./fake_data/112.jpg| 138,218,190,270,1
./fake_data/113.jpg| 501,66,512,104,2
./fake_data/114.jpg| 497,129,512,245,2 149,281,255,387,1 102,132,221,251,1
./fake_data/115.jpg| 156,97,260,201,1 387,173,422,208,1 149,478,257,512,1
./fake_data/116.jpg| 79,141,192,254,1 275,482,338,512,1 146,35,243,132,2
./fake_data/117.jpg| 269,179,330,240,1 505,108,512,208,2
./fake_data/118.jpg| 491,391,512,421,1
./fake_data/119.jpg| 79,86,167,174,1 185,133,237,185,1 433,5,486,58,2
./fake_data/120.jpg| 67,261,99,293,2 163,151,254,242,2 142,97,210,165,2 262,331,347,416,2
./fake_data/121.jpg| 192,504,283,512,2 232,13,325,106,1 207,120,268,181,1
./fake_data/122.jpg| 269,397,375,503,2 27,383,99,455,2 491,253,512,358,1
./fake_data/123.jpg| 271,403,364,496,2 495,173,512,196,2 132,335,221,424,1
./fake_data/124.jpg| 482,296,512,376,1
./fake_data/125.jpg| 340,36,445,141,2 256,14,343,101,2
./fake_data/126.jpg| 41,332,117,408,2 347,399,413,465,2 120,494,150,512,2
./fake_data/127.jpg| 71,57,143,129,2 83,411,127,455,2 176,178,268,270,2 365,416,410,461,1
./fake_data/128.jpg| 70,457,182,512,2
./fake_data/129.jpg| 64,34,125,95,2 373,407,486,512,1 433,446,455,468,2 64,12,144,92,1
./fake_data/130.jpg| 334,373,425,464,2 458,208,512,266,2 470,160,499,189,1 35,358,72,395,2
./fake_data/131.jpg| 54,504,164,512,1 296,452,375,512,2 313,64,423,174,2 74,389,165,480,2
./fake_data/132.jpg| 510,138,512,212,2 140,39,197,96,1 71,358,124,411,1 214,283,302,371,2
./fake_data/133.jpg| 255,80,369,194,2 349,228,378,257,2 195,179,306,290,2
./fake_data/134.jpg| 511,440,512,512,2 381,453,404,476,1 442,26,512,111,1 295,252,355,312,1
./fake_data/135.jpg| 139,35,218,114,2 166,174,257,265,2
./fake_data/136.jpg| 399,387,461,449,1 449,81,512,190,1
./fake_data/137.jpg| 240,98,331,189,1
./fake_data/138.jpg| 504,333,512,451,1 502,122,512,210,2 371,446,422,497,2
./fake_data/139.jpg| 400,82,493,175,2 179,50,210,81,1
./fake_data/140.jpg| 286,333,377,424,1 10,120,75,185,1
./fake_data/141.jpg| 140,373,251,484,1
./fake_data/142.jpg| 333,457,444,512,2 182,391,220,429,1 377,434,491,512,1 37,332,142,437,1
./fake_data/143.jpg| 313,254,407,348,2 440,206,512,279,2 42,137,108,203,2 36,481,91,512,1
./fake_data/144.jpg| 172,24,284,136,2
./fake_data/145.jpg| 259,229,290,260,1
./fake_data/146.jpg| 68,228,149,309,2 266,387,369,490,2
./fake_data/147.jpg| 399,452,456,509,1 327,269,347,289,2
./fake_data/148.jpg| 263,406,325,468,2 219,425,264,470,1
./fake_data/149.jpg| 34,493,113,512,2
./fake_data/150.jpg| 274,193,345,264,1 142,326,180,364,1 336,456,403,512,2 18,367,112,461,1
./fake_data/151.jpg| 0,122,41,163,1 93,291,176,374,2 285,224,315,254,1
./fake_data/152.jpg| 342,253,407,318,2 7,183,31,207,2
./fake_data/153.jpg| 508,143,512,208,1 236,378,308,450,1 226,482,271,512,2 69,137,165,233,2
./fake_data/154.jpg| 385,117,422,154,1 11,470,119,512,2 267,104,339,176,2
./fake_data/155.jpg| 454,275,512,349,2 429,503,470,512,1
./fake_data/156.jpg| 213,445,249,481,1 324,366,399,441,1
./fake_data/157.jpg| 61,500,140,512,1 469,190,512,265,2
./fake_data/158.jpg| 96,269,152,325,2 354,336,469,451,1
./fake_data/159.jpg| 477,250,506,279,1 328,468,369,509,1 385,153,468,236,2 219,389,272,442,1
./fake_data/160.jpg| 346,289,449,392,2 428,230,490,292,2
./fake_data/161.jpg| 493,426,512,510,2 147,70,197,120,2 14,390,48,424,2
./fake_data/162.jpg| 128,111,152,135,1 1,431,110,512,1
./fake_data/163.jpg| 170,110,255,195,1 380,303,493,416,1
./fake_data/164.jpg| 211,500,233,512,2 44,214,137,307,2 164,71,279,186,2 222,423,316,512,2
./fake_data/165.jpg| 217,312,271,366,1 378,229,440,291,2
./fake_data/166.jpg| 232,345,304,417,1 141,287,191,337,1 233,236,287,290,1
./fake_data/167.jpg| 12,364,58,410,1
./fake_data/168.jpg| 334,371,399,436,2 29,488,126,512,2 171,400,280,509,2
./fake_data/169.jpg| 284,138,363,217,2 316,220,418,322,1
./fake_data/170.jpg| 229,232,262,265,2 482,52,512,113,2
./fake_data/171.jpg| 451,12,512,89,1 41,494,68,512,2 291,499,328,512,2
./fake_data/172.jpg| 102,261,202,361,2 371,14,399,42,1 490,41,510,61,2 309,244,419,354,2
./fake_data/173.jpg| 460,31,482,53,1 164,118,243,197,1 81,486,156,512,1
./fake_data/174.jpg| 479,39,512,145,2 321,372,440,491,2 263,484,351,512,2
./fake_data/175.jpg| 437,212,512,293,2
./fake_data/176.jpg| 327,17,395,85,1 303,347,379,423,2
./fake_data/177.jpg| 441,118,512,201,1 296,178,350,232,2 488,424,512,509,2
./fake_data/178.jpg| 421,184,512,293,2 11,318,101,408,2 277,309,363,395,2 504,85,512,165,2
./fake_data/179.jpg| 358,317,438,397,1 337,449,429,512,2 339,222,404,287,2 369,224,409,264,2
./fake_data/180.jpg| 503,69,512,121,2 173,170,225,222,1
./fake_data/181.jpg| 485,71,506,92,2 61,196,92,227,1 127,344,156,373,1
./fake_data/182.jpg| 372,179,422,229,2 408,398,512,512,2
./fake_data/183.jpg| 300,231,329,260,2 429,278,505,354,2
./fake_data/184.jpg| 332,292,359,319,1 105,366,138,399,2
./fake_data/185.jpg| 376,315,447,386,2 209,293,253,337,1 270,491,304,512,1
./fake_data/186.jpg| 59,177,140,258,1 58,191,168,301,2 448,390,512,505,2
./fake_data/187.jpg| 74,263,94,283,2
./fake_data/188.jpg| 100,464,201,512,1 442,497,487,512,1 142,42,224,124,2 451,61,477,87,1
./fake_data/189.jpg| 305,285,342,322,2 502,141,512,245,2
./fake_data/190.jpg| 417,438,512,512,2 482,483,512,512,2 387,116,503,232,2
./fake_data/191.jpg| 183,241,234,292,1 73,378,187,492,2 244,407,348,511,2 264,250,336,322,2
./fake_data/192.jpg| 122,5,221,104,2 488,211,512,278,1 503,486,512,512,1 199,114,250,165,2
./fake_data/193.jpg| 179,50,257,128,1 442,88,503,149,1 302,203,386,287,2 476,264,512,377,2
./fake_data/194.jpg| 332,345,451,464,1
./fake_data/195.jpg| 41,314,76,349,2 345,349,388,392,2
./fake_data/196.jpg| 225,224,328,327,2 386,386,500,500,1 178,193,250,265,2
./fake_data/197.jpg| 369,303,467,401,2 159,181,244,266,1 426,495,512,512,1
./fake_data/198.jpg| 408,475,477,512,2 356,302,399,345,1
./fake_data/199.jpg| 61,199,150,288,1
./fake_data/200.jpg| 227,466,289,512,1 27,451,64,488,2
./fake_data/201.jpg| 244,51,299,106,2 0,382,32,414,2 148,414,198,464,1
./fake_data/202.jpg| 386,21,413,48,1 148,189,247,288,2
./fake_data/203.jpg| 127,393,209,475,2 208,298,291,381,1 496,382,512,495,1 261,235,337,311,1
./fake_data/204.jpg| 324,63,404,143,1 262,291,354,383,1
./fake_data/205.jpg| 448,479,488,512,2 23,186,78,241,2 454,198,479,223,2 287,110,311,134,1
./fake_data/206.jpg| 307,133,362,188,2
./fake_data/207.jpg| 417,379,477,439,2
./fake_data/208.jpg| 36,192,81,237,2
./fake_data/209.jpg| 442,239,495,292,1 188,190,282,284,1 313,156,385,228,1 422,455,512,512,2
./fake_data/210.jpg| 97,361,126,390,1 237,185,257,205,1
./fake_data/211.jpg| 194,156,223,185,2 242,316,298,372,1 69,366,152,449,1 265,274,361,370,1
./fake_data/212.jpg| 505,126,512,233,2 14,483,133,512,2 1,83,34,116,2
./fake_data/213.jpg| 33,453,133,512,2 176,215,219,258,2
./fake_data/214.jpg| 442,187,512,299,1
./fake_data/215.jpg| 300,61,351,112,2 154,63,268,177,2 353,437,398,482,2
./fake_data/216.jpg| 511,469,512,511,1
./fake_data/217.jpg| 211,75,314,178,1 145,112,210,177,2
./fake_data/218.jpg| 225,99,314,188,2 32,212,61,241,1 277,156,374,253,2
./fake_data/219.jpg| 46,167,103,224,1 309,441,406,512,1 430,154,483,207,2 194,87,256,149,1
./fake_data/220.jpg| 100,266,218,384,1 438,143,509,214,2 203,167,287,251,2
./fake_data/221.jpg| 163,310,276,423,1 396,133,457,194,2 287,167,370,250,1
./fake_data/222.jpg| 37,176,127,266,1
./fake_data/223.jpg| 254,382,280,408,1 401,37,446,82,1 82,122,197,237,1
./fake_data/224.jpg| 384,155,446,217,2 123,387,146,410,2
./fake_data/225.jpg| 461,155,512,242,1 154,26,178,50,2 359,109,386,136,2
./fake_data/226.jpg| 83,349,199,465,1 233,90,346,203,1 454,21,512,133,1 193,73,295,175,1
./fake_data/227.jpg| 401,69,482,150,2 488,484,512,512,2
./fake_data/228.jpg| 475,474,512,512,1
./fake_data/229.jpg| 90,285,153,348,2 177,458,207,488,2 254,315,274,335,2
./fake_data/230.jpg| 272,26,293,47,1 147,413,248,512,1
./fake_data/231.jpg| 56,18,140,102,2 13,424,118,512,1 272,25,319,72,2
./fake_data/232.jpg| 140,338,198,396,1 268,370,325,427,2
./fake_data/233.jpg| 35,97,144,206,1 333,171,353,191,1 220,178,286,244,1 391,220,416,245,1
./fake_data/234.jpg| 233,350,295,412,2
./fake_data/235.jpg| 231,98,324,191,1 207,491,256,512,2 452,83,512,195,1
./fake_data/236.jpg| 420,481,478,512,2 270,323,383,436,1 207,239,269,301,1
./fake_data/237.jpg| 403,82,448,127,2 146,109,197,160,2 378,130,408,160,2 263,72,369,178,2
./fake_data/238.jpg| 297,111,324,138,2 137,396,182,441,1 391,321,446,376,2
./fake_data/239.jpg| 145,278,250,383,1 38,222,60,244,2 456,20,512,108,2
./fake_data/240.jpg| 73,384,135,446,2
./fake_data/241.jpg| 502,3,512,99,2 154,8,223,77,2
./fake_data/242.jpg| 493,293,512,383,2
./fake_data/243.jpg| 382,15,476,109,1 90,492,149,512,2
./fake_data/244.jpg| 490,13,512,126,1
./fake_data/245.jpg| 177,400,220,443,2
./fake_data/246.jpg| 366,169,432,235,1 180,510,203,512,1 62,54,107,99,1 187,310,267,390,1
./fake_data/247.jpg| 30,237,70,277,2
./fake_data/248.jpg| 404,70,494,160,2 114,46,151,83,2
./fake_data/249.jpg| 390,215,468,293,1 65,285,96,316,1 434,219,494,279,2
./fake_data/250.jpg| 10,341,125,456,1
./fake_data/251.jpg| 295,399,360,464,1 113,381,133,401,2
./fake_data/252.jpg| 226,417,276,467,1
./fake_data/253.jpg| 367,207,421,261,2 10,15,109,114,1 345,431,367,453,2
./fake_data/254.jpg| 195,388,256,449,1 285,20,354,89,1 289,497,310,512,2
./fake_data/255.jpg| 403,11,474,82,1 111,473,144,506,2 36,277,91,332,2 326,63,429,166,2
./fake_data/256.jpg| 80,259,183,362,1 354,144,383,173,1 418,71,479,132,2
./fake_data/257.jpg| 489,17,512,106,1 491,28,512,104,1 439,17,510,88,2 241,184,312,255,2
./fake_data/258.jpg| 276,177,369,270,2 406,243,428,265,1 99,283,167,351,1 90,329,113,352,2
./fake_data/259.jpg| 306,90,352,136,2
./fake_data/260.jpg| 459,459,512,512,1 490,96,512,118,2 206,484,303,512,2 430,413,508,491,2
./fake_data/261.jpg| 43,374,153,484,2 258,318,285,345,1
./fake_data/262.jpg| 123,408,162,447,2 245,398,349,502,2 226,378,291,443,1 113,4,175,66,1
./fake_data/263.jpg| 384,220,451,287,1 389,34,430,75,1 254,170,293,209,1 446,229,512,332,2
./fake_data/264.jpg| 84,392,183,491,2 436,166,468,198,1 348,219,450,321,1
./fake_data/265.jpg| 320,156,382,218,1
./fake_data/266.jpg| 150,56,264,170,2 340,157,397,214,2 202,481,315,512,1
./fake_data/267.jpg| 78,40,141,103,2 262,86,292,116,1 50,284,116,350,1 277,223,317,263,1
./fake_data/268.jpg| 151,194,227,270,1 218,288,331,401,1 311,40,368,97,2
./fake_data/269.jpg| 144,361,214,431,2 213,72,274,133,2
./fake_data/270.jpg| 212,266,306,360,2 363,428,398,463,2 200,258,295,353,1
./fake_data/271.jpg| 313,201,423,311,1 36,138,132,234,1 181,489,273,512,2 383,218,427,262,2
./fake_data/272.jpg| 100,97,207,204,2 268,65,297,94,2
./fake_data/273.jpg| 126,78,178,130,1 65,402,106,443,2 412,313,466,367,2 212,22,274,84,2
./fake_data/274.jpg| 404,431,455,482,2 240,346,339,445,1 53,444,96,487,1 119,448,199,512,1
./fake_data/275.jpg| 38,134,86,182,2 322,448,413,512,1
./fake_data/276.jpg| 315,112,378,175,2 388,146,482,240,2
./fake_data/277.jpg| 319,391,432,504,1 480,500,512,512,1
./fake_data/278.jpg| 353,197,386,230,2
./fake_data/279.jpg| 377,425,492,512,2
./fake_data/280.jpg| 87,101,144,158,1
./fake_data/281.jpg| 122,106,189,173,2 48,289,114,355,2 465,130,512,229,2
./fake_data/282.jpg| 100,317,154,371,2 39,338,79,378,2 460,215,512,325,2
./fake_data/283.jpg| 209,252,284,327,2 235,495,262,512,2
./fake_data/284.jpg| 57,427,164,512,2
./fake_data/285.jpg| 172,449,242,512,2 462,368,512,475,2 252,239,285,272,1 33,276,57,300,2
./fake_data/286.jpg| 509,55,512,171,2
./fake_data/287.jpg| 17,102,37,122,2
./fake_data/288.jpg| 73,470,145,512,2 317,165,343,191,2
./fake_data/289.jpg| 34,457,59,482,2 233,5,348,120,1 392,62,444,114,1
./fake_data/290.jpg| 12,364,35,387,2 475,194,512,268,2
./fake_data/291.jpg| 173,452,249,512,2
./fake_data/292.jpg| 289,403,337,451,1
./fake_data/293.jpg| 441,136,488,183,2 48,340,97,389,2 48,506,136,512,1
./fake_data/294.jpg| 91,449,181,512,2
./fake_data/295.jpg| 313,213,417,317,2 193,506,288,512,2 22,138,80,196,1 314,58,385,129,1
./fake_data/296.jpg| 237,485,257,505,2 74,256,149,331,2
./fake_data/297.jpg| 436,144,512,235,2 198,140,268,210,1
./fake_data/298.jpg| 180,364,234,418,1
./fake_data/299.jpg| 73,499,130,512,1 438,485,512,512,1
./fake_data/300.jpg| 115,182,190,257,2
./fake_data/301.jpg| 126,82,223,179,1 18,366,38,386,2 301,385,333,417,1 180,391,298,509,1
./fake_data/302.jpg| 327,510,401,512,1
./fake_data/303.jpg| 132,485,196,512,1 286,94,363,171,2 167,286,253,372,1
./fake_data/304.jpg| 305,260,349,304,2
./fake_data/305.jpg| 403,347,512,458,1
./fake_data/306.jpg| 314,276,411,373,1
./fake_data/307.jpg| 171,404,260,493,2 331,324,436,429,1 261,158,316,213,2
./fake_data/308.jpg| 410,44,512,155,2 58,326,165,433,1 35,352,74,391,1 277,507,353,512,1
./fake_data/309.jpg| 61,104,108,151,1 481,443,512,495,1
./fake_data/310.jpg| 144,135,245,236,2 128,457,218,512,1
./fake_data/311.jpg| 374,191,491,308,1
./fake_data/312.jpg| 493,458,512,512,2 230,291,316,377,2
./fake_data/313.jpg| 378,53,449,124,1
./fake_data/314.jpg| 90,36,145,91,2 145,60,171,86,2 507,124,512,220,1 120,469,215,512,2
./fake_data/315.jpg| 350,233,463,346,2 429,111,509,191,2 56,164,109,217,2 14,186,125,297,1
./fake_data/316.jpg| 70,213,184,327,1 218,106,297,185,1
./fake_data/317.jpg| 40,290,121,371,2 53,167,83,197,2 36,266,115,345,1
./fake_data/318.jpg| 53,10,160,117,1
./fake_data/319.jpg| 317,136,337,156,2 149,415,232,498,1
./fake_data/320.jpg| 484,152,512,234,1
./fake_data/321.jpg| 403,477,440,512,1
./fake_data/322.jpg| 335,105,410,180,2 14,438,124,512,2
./fake_data/323.jpg| 350,247,456,353,2 52,504,94,512,1 139,24,216,101,1 490,326,512,427,2
./fake_data/324.jpg| 264,169,352,257,2 309,276,400,367,1 176,502,208,512,1 54,158,153,257,1
./fake_data/325.jpg| 449,218,512,316,2 371,205,410,244,1 478,463,512,512,1 53,255,138,340,1
./fake_data/326.jpg| 227,474,325,512,1
./fake_data/327.jpg| 182,243,219,280,2 14,303,77,366,1
./fake_data/328.jpg| 85,181,148,244,1 336,160,425,249,2 280,459,382,512,2
./fake_data/329.jpg| 90,11,136,57,2 260,213,291,244,1 328,111,442,225,1
./fake_data/330.jpg| 248,129,349,230,2 431,272,476,317,1 100,343,209,452,2 474,96,512,138,2
./fake_data/331.jpg| 401,349,450,398,1 131,242,241,352,2 235,29,256,50,2 236,90,289,143,2
./fake_data/332.jpg| 100,94,201,195,2
./fake_data/333.jpg| 118,453,175,510,2 491,195,512,260,1 363,322,480,439,2
./fake_data/334.jpg| 507,99,512,203,1 208,251,240,283,1 140,436,237,512,1 318,384,352,418,1
./fake_data/335.jpg| 299,259,377,337,2
./fake_data/336.jpg| 59,243,113,297,1 503,447,512,512,1 16,457,49,490,2
./fake_data/337.jpg| 248,191,343,286,2 168,10,241,83,1 450,258,512,339,2 42,172,82,212,1
./fake_data/338.jpg| 455,244,482,271,1 478,296,512,351,2 234,417,335,512,1 351,371,439,459,2
./fake_data/339.jpg| 363,476,406,512,1 26,295,61,330,2 466,437,512,512,1
./fake_data/340.jpg| 209,477,234,502,1 116,407,155,446,1 58,431,141,512,1
./fake_data/341.jpg| 192,490,252,512,2 320,159,396,235,1 156,141,249,234,2
./fake_data/342.jpg| 14,328,120,434,2 265,412,361,508,2 39,96,79,136,1
./fake_data/343.jpg| 439,19,512,127,2
./fake_data/344.jpg| 158,90,201,133,2
./fake_data/345.jpg| 73,122,152,201,2 448,259,471,282,1 357,229,468,340,1
./fake_data/346.jpg| 22,189,80,247,1
./fake_data/347.jpg| 29,253,111,335,1 335,120,432,217,1
./fake_data/348.jpg| 155,290,225,360,2
./fake_data/349.jpg| 457,310,512,409,2 210,306,314,410,1 62,404,107,449,1 293,275,343,325,2
./fake_data/350.jpg| 180,245,231,296,1 422,264,512,373,1 355,496,419,512,1
./fake_data/351.jpg| 80,139,156,215,2 498,131,512,195,1 333,290,427,384,2
./fake_data/352.jpg| 230,50,318,138,2
./fake_data/353.jpg| 104,297,166,359,1 404,448,511,512,2
./fake_data/354.jpg| 510,409,512,456,1 5,366,110,471,2
./fake_data/355.jpg| 25,210,130,315,2
./fake_data/356.jpg| 236,448,324,512,1
./fake_data/357.jpg| 319,135,355,171,1 6,13,36,43,2 7,297,68,358,2
./fake_data/358.jpg| 230,125,331,226,2
./fake_data/359.jpg| 322,416,391,485,2 329,36,358,65,1 213,416,239,442,2
./fake_data/360.jpg| 494,97,512,167,2 339,108,385,154,1 273,251,325,303,1
./fake_data/361.jpg| 438,62,492,116,2 413,97,456,140,2 76,317,119,360,1 270,27,376,133,1
./fake_data/362.jpg| 301,215,348,262,1
./fake_data/363.jpg| 37,295,145,403,2
./fake_data/364.jpg| 84,397,107,420,1 2,414,66,478,2 466,192,512,303,1
./fake_data/365.jpg| 418,467,510,512,1 281,302,314,335,1 452,447,484,479,2
./fake_data/366.jpg| 45,216,155,326,2 226,418,311,503,1 75,215,187,327,2
./fake_data/367.jpg| 198,451,300,512,2
./fake_data/368.jpg| 471,219,512,276,2
./fake_data/369.jpg| 25,282,67,324,1 332,371,405,444,2
./fake_data/370.jpg| 446,491,512,512,1
./fake_data/371.jpg| 100,405,139,444,2 390,340,489,439,1 137,307,206,376,2 200,435,317,512,2
./fake_data/372.jpg| 171,366,280,475,2 17,262,97,342,1 340,149,422,231,1 112,77,152,117,1
./fake_data/373.jpg| 440,151,512,256,2 479,71,512,119,1 462,239,487,264,1
./fake_data/374.jpg| 56,423,161,512,1
./fake_data/375.jpg| 175,453,286,512,2 358,335,435,412,1 288,203,321,236,1
./fake_data/376.jpg| 422,394,512,512,2
./fake_data/377.jpg| 376,410,466,500,2 349,116,376,143,2 345,154,451,260,1 169,252,258,341,1
./fake_data/378.jpg| 407,298,447,338,2 256,237,312,293,1
./fake_data/379.jpg| 248,144,347,243,1 324,44,426,146,2 48,302,80,334,1
./fake_data/380.jpg| 211,314,269,372,1 420,497,500,512,2 36,448,143,512,2
./fake_data/381.jpg| 301,260,331,290,1 28,477,80,512,1
./fake_data/382.jpg| 169,145,285,261,1 318,497,378,512,1
./fake_data/383.jpg| 22,276,126,380,2 359,495,466,512,2 470,285,512,374,1
./fake_data/384.jpg| 212,201,246,235,1
./fake_data/385.jpg| 281,332,326,377,2 127,375,218,466,2
./fake_data/386.jpg| 318,373,427,482,2 313,435,334,456,1
./fake_data/387.jpg| 471,453,512,512,2 91,192,126,227,1
./fake_data/388.jpg| 147,469,177,499,1 437,396,458,417,2
./fake_data/389.jpg| 144,50,199,105,2 138,495,201,512,2 120,509,166,512,1 54,420,153,512,1
./fake_data/390.jpg| 239,466,271,498,2 0,229,91,320,2 268,335,364,431,1
./fake_data/391.jpg| 450,361,477,388,1
./fake_data/392.jpg| 499,272,512,332,2 62,76,95,109,2 377,143,495,261,2
./fake_data/393.jpg| 122,487,167,512,1
./fake_data/394.jpg| 276,189,339,252,1
./fake_data/395.jpg| 104,50,171,117,1 279,338,309,368,1
./fake_data/396.jpg| 287,198,307,218,2
./fake_data/397.jpg| 488,496,512,512,2 337,210,423,296,2 273,330,353,410,2
./fake_data/398.jpg| 180,160,247,227,2 385,370,422,407,1 146,329,179,362,1
./fake_data/399.jpg| 387,504,455,512,2 170,98,248,176,1
./fake_data/400.jpg| 454,414,512,482,1 221,66,314,159,2
./fake_data/401.jpg| 265,44,287,66,2 113,427,189,503,1
./fake_data/402.jpg| 303,507,409,512,2
./fake_data/403.jpg| 328,379,396,447,1
./fake_data/404.jpg| 391,160,459,228,2 496,375,512,481,2 470,220,512,299,1 300,462,366,512,2
./fake_data/405.jpg| 147,267,207,327,1
./fake_data/406.jpg| 135,437,183,485,2 373,391,492,510,1 408,124,445,161,2
./fake_data/407.jpg| 470,466,512,512,1 144,452,241,512,1 378,228,436,286,1 277,81,302,106,2
./fake_data/408.jpg| 445,56,508,119,2
./fake_data/409.jpg| 9,394,82,467,1 436,92,495,151,2 180,182,291,293,2
./fake_data/410.jpg| 47,336,102,391,1
./fake_data/411.jpg| 427,157,472,202,2 39,391,92,444,2
./fake_data/412.jpg| 162,351,262,451,1 389,492,507,512,1 481,398,512,440,2
./fake_data/413.jpg| 423,223,512,333,2 14,451,101,512,1
./fake_data/414.jpg| 264,222,337,295,1 117,128,144,155,2 249,143,341,235,2
./fake_data/415.jpg| 120,507,147,512,2 17,344,68,395,1
./fake_data/416.jpg| 56,218,157,319,1 348,227,441,320,1 148,58,251,161,2
./fake_data/417.jpg| 239,142,309,212,1 323,46,351,74,2
./fake_data/418.jpg| 28,470,66,508,2 139,422,222,505,1 106,182,205,281,1
./fake_data/419.jpg| 227,254,295,322,1
./fake_data/420.jpg| 394,329,462,397,2
./fake_data/421.jpg| 109,319,222,432,2 350,430,392,472,2 111,49,183,121,1
./fake_data/422.jpg| 425,27,453,55,2 410,238,447,275,1
./fake_data/423.jpg| 186,390,278,482,2
./fake_data/424.jpg| 260,130,337,207,1 334,438,365,469,1 6,252,110,356,2
./fake_data/425.jpg| 376,336,491,451,2 128,178,191,241,2 7,199,85,277,1 247,378,270,401,1
./fake_data/426.jpg| 135,114,210,189,2 492,99,512,177,1 316,108,379,171,1 40,431,92,483,2
./fake_data/427.jpg| 59,437,143,512,2 490,381,512,422,1 139,351,257,469,1 23,129,78,184,2
./fake_data/428.jpg| 177,421,219,463,1 501,217,512,279,1 139,28,227,116,1
./fake_data/429.jpg| 138,185,231,278,2
./fake_data/430.jpg| 471,441,512,512,1 447,31,470,54,1 430,306,460,336,1
./fake_data/431.jpg| 403,411,489,497,2
./fake_data/432.jpg| 78,58,158,138,2 48,44,97,93,2 169,331,275,437,1
./fake_data/433.jpg| 448,89,497,138,1 455,216,512,297,1 447,227,506,286,2 315,308,350,343,1
./fake_data/434.jpg| 89,141,196,248,1 271,496,360,512,1
./fake_data/435.jpg| 356,395,384,423,2
./fake_data/436.jpg| 158,116,268,226,2 260,243,351,334,2
./fake_data/437.jpg| 79,50,110,81,2 150,326,217,393,2
./fake_data/438.jpg| 60,268,170,378,2 320,161,431,272,1 449,420,512,512,2
./fake_data/439.jpg| 84,3,149,68,1
./fake_data/440.jpg| 0,41,31,72,2 456,226,512,321,2
./fake_data/441.jpg| 104,113,124,133,2 183,458,222,497,1 276,15,374,113,2 34,78,105,149,2
./fake_data/442.jpg| 304,418,423,512,2
./fake_data/443.jpg| 76,30,180,134,2 421,404,493,476,1
./fake_data/444.jpg| 288,224,317,253,2 85,8,115,38,1 34,353,59,378,2
./fake_data/445.jpg| 356,343,406,393,2 429,464,492,512,2
./fake_data/446.jpg| 128,2,207,81,2 112,254,191,333,2 98,396,186,484,1 307,36,363,92,1
./fake_data/447.jpg| 343,480,427,512,1 488,84,512,184,1 164,157,191,184,1
./fake_data/448.jpg| 241,35,301,95,2 6,341,104,439,2
./fake_data/449.jpg| 198,30,310,142,2
./fake_data/450.jpg| 510,71,512,181,2 13,480,70,512,2
./fake_data/451.jpg| 224,233,329,338,1
./fake_data/452.jpg| 159,116,191,148,2 143,422,190,469,1 416,462,491,512,2 402,337,475,410,2
./fake_data/453.jpg| 24,462,75,512,2 85,348,135,398,1
./fake_data/454.jpg| 22,488,114,512,2 383,395,472,484,1 270,156,322,208,1 111,467,211,512,1
./fake_data/455.jpg| 116,65,181,130,2 172,134,281,243,2 71,241,178,348,2
./fake_data/456.jpg| 127,299,186,358,2 121,182,239,300,2 325,291,363,329,1
./fake_data/457.jpg| 172,502,236,512,2
./fake_data/458.jpg| 220,500,330,512,2
./fake_data/459.jpg| 103,453,210,512,1 481,491,512,512,1 151,335,231,415,2 470,10,512,105,2
./fake_data/460.jpg| 302,328,327,353,1 316,14,348,46,2
./fake_data/461.jpg| 223,0,285,62,2 427,400,485,458,2 226,95,249,118,2 46,440,132,512,1
./fake_data/462.jpg| 331,4,437,110,2 485,101,512,128,2 303,371,412,480,2 225,297,301,373,2
./fake_data/463.jpg| 75,241,180,346,1 358,97,464,203,2 458,197,478,217,2 379,2,400,23,1
./fake_data/464.jpg| 91,465,111,485,1 496,159,512,266,1 123,92,212,181,1
./fake_data/465.jpg| 170,185,261,276,2 235,82,328,175,1
./fake_data/466.jpg| 12,322,55,365,1
./fake_data/467.jpg| 349,181,448,280,2
./fake_data/468.jpg| 219,79,302,162,1 283,356,375,448,2 508,413,512,477,2 72,374,135,437,1
./fake_data/469.jpg| 324,0,355,31,1 255,77,285,107,2 217,22,318,123,1
./fake_data/470.jpg| 234,448,268,482,1 13,119,85,191,2
./fake_data/471.jpg| 257,17,373,133,1
./fake_data/472.jpg| 372,383,491,502,2
./fake_data/473.jpg| 402,283,473,354,1 62,59,93,90,1
./fake_data/474.jpg| 0,118,53,171,2 314,81,384,151,1 198,335,301,438,2 448,75,505,132,1
./fake_data/475.jpg| 399,351,493,445,1 489,114,512,211,2
./fake_data/476.jpg| 191,319,279,407,2 296,24,410,138,1
./fake_data/477.jpg| 58,389,132,463,1
./fake_data/478.jpg| 18,417,119,512,1
./fake_data/479.jpg| 450,367,512,434,1 226,42,279,95,1 309,68,349,108,2
./fake_data/480.jpg| 83,127,111,155,2 451,94,512,168,1
./fake_data/481.jpg| 130,36,196,102,1
./fake_data/482.jpg| 170,394,252,476,2 220,157,330,267,1 337,351,405,419,1
./fake_data/483.jpg| 410,264,512,381,1 474,165,512,243,1 424,480,500,512,2 55,228,105,278,2
./fake_data/484.jpg| 332,433,420,512,1 143,337,261,455,1
./fake_data/485.jpg| 364,14,447,97,1
./fake_data/486.jpg| 36,66,133,163,2 474,245,512,293,1 180,502,276,512,2 39,132,121,214,1
./fake_data/487.jpg| 38,351,64,377,2 122,484,239,512,2 210,164,245,199,1
./fake_data/488.jpg| 292,90,395,193,2 9,266,113,370,2 424,97,507,180,2 236,455,308,512,1
./fake_data/489.jpg| 34,187,62,215,1 97,365,176,444,1 17,86,131,200,1 415,277,490,352,1
./fake_data/490.jpg| 15,254,77,316,1 414,382,500,468,2
./fake_data/491.jpg| 403,250,496,343,1
./fake_data/492.jpg| 373,52,439,118,1 270,219,386,335,2 50,494,124,512,1
./fake_data/493.jpg| 357,80,454,177,1 329,29,349,49,1
./fake_data/494.jpg| 128,483,237,512,1 367,96,481,210,1 473,484,512,512,1
./fake_data/495.jpg| 301,291,344,334,2 7,338,121,452,2 449,186,512,305,1
./fake_data/496.jpg| 459,448,512,512,2 5,143,61,199,2 64,15,114,65,2
./fake_data/497.jpg| 359,416,392,449,1 303,404,358,459,2 252,302,333,383,1
./fake_data/498.jpg| 48,350,167,469,1 174,401,217,444,1 293,33,404,144,2
./fake_data/499.jpg| 122,292,233,403,2 51,148,92,189,1 370,416,454,500,1 236,497,308,512,2
./fake_data/500.jpg| 337,365,397,425,1 505,83,512,189,2 142,187,191,236,1 86,345,176,435,1
./fake_data/501.jpg| 210,77,298,165,2 386,487,409,510,2 297,246,350,299,1 286,383,395,492,1
./fake_data/502.jpg| 329,431,375,477,2 191,497,259,512,1
./fake_data/503.jpg| 287,65,394,172,2 405,333,427,355,2 498,180,512,285,1 329,53,386,110,1
./fake_data/504.jpg| 459,388,512,441,2
./fake_data/505.jpg| 109,462,157,510,2 141,313,188,360,1 458,364,512,431,2 149,427,247,512,2
./fake_data/506.jpg| 151,359,178,386,1 472,196,495,219,2 348,22,448,122,2 109,90,201,182,1
./fake_data/507.jpg| 298,326,397,425,2 92,238,211,357,1
./fake_data/508.jpg| 365,259,418,312,2 400,398,505,503,2
./fake_data/509.jpg| 253,462,369,512,2 265,14,338,87,1 221,501,311,512,2
./fake_data/510.jpg| 237,151,268,182,2
./fake_data/511.jpg| 66,232,112,278,2 217,193,291,267,1 241,256,270,285,1
./fake_data/512.jpg| 494,388,512,493,1 174,212,222,260,1
./fake_data/513.jpg| 179,207,284,312,1 111,173,213,275,1
./fake_data/514.jpg| 195,437,312,512,1 194,345,235,386,1 173,178,232,237,1 124,436,185,497,1
./fake_data/515.jpg| 412,356,437,381,2 126,321,203,398,1 218,429,251,462,1 238,198,331,291,1
./fake_data/516.jpg| 109,250,173,314,1
./fake_data/517.jpg| 258,24,280,46,2 502,26,512,113,2
./fake_data/518.jpg| 43,10,83,50,1 63,161,149,247,2
./fake_data/519.jpg| 146,185,198,237,1 335,324,417,406,2 503,462,512,512,2 65,151,159,245,2
./fake_data/520.jpg| 451,130,512,199,2 281,277,306,302,1
./fake_data/521.jpg| 494,154,512,264,2 257,181,334,258,1
./fake_data/522.jpg| 214,405,310,501,1 1,23,64,86,1
./fake_data/523.jpg| 307,464,381,512,1 446,131,466,151,1
./fake_data/524.jpg| 125,510,171,512,1 415,331,440,356,1
./fake_data/525.jpg| 199,459,273,512,2 121,328,181,388,1 161,415,221,475,1 142,248,193,299,2
./fake_data/526.jpg| 334,97,396,159,2
./fake_data/527.jpg| 507,20,512,110,1
./fake_data/528.jpg| 284,32,316,64,1 367,40,406,79,2
./fake_data/529.jpg| 226,172,272,218,1 199,61,310,172,1 293,244,352,303,1
./fake_data/530.jpg| 367,68,400,101,2
./fake_data/531.jpg| 153,355,220,422,1
./fake_data/532.jpg| 412,409,462,459,1 92,228,181,317,2 279,158,303,182,1 329,105,413,189,1
./fake_data/533.jpg| 261,176,374,289,1 67,313,91,337,2 327,490,364,512,2
./fake_data/534.jpg| 481,479,512,512,2 413,378,502,467,1 475,439,512,496,1
./fake_data/535.jpg| 45,1,87,43,1 379,223,432,276,2 426,320,512,409,2 425,342,475,392,2
./fake_data/536.jpg| 158,460,178,480,1
./fake_data/537.jpg| 480,401,512,512,1 264,147,367,250,1
./fake_data/538.jpg| 383,331,413,361,2 48,202,110,264,1
./fake_data/539.jpg| 406,80,456,130,1 334,348,416,430,1 310,186,366,242,2
./fake_data/540.jpg| 245,342,356,453,1 465,286,512,384,1 58,408,108,458,2 298,154,403,259,1
./fake_data/541.jpg| 195,69,246,120,2 397,151,464,218,1 249,439,316,506,1 120,11,234,125,2
./fake_data/542.jpg| 134,326,170,362,1 105,216,178,289,1 254,370,285,401,2
./fake_data/543.jpg| 42,100,66,124,1 54,385,165,496,1 508,306,512,410,2 28,210,133,315,1
./fake_data/544.jpg| 318,313,359,354,2 147,382,204,439,2
./fake_data/545.jpg| 179,252,295,368,2 432,66,512,164,2 229,13,333,117,1
./fake_data/546.jpg| 318,378,353,413,1 472,462,512,512,2 316,174,382,240,1 488,152,512,221,2
./fake_data/547.jpg| 79,413,189,512,2 30,119,133,222,1 167,238,266,337,2 38,54,62,78,2
./fake_data/548.jpg| 60,12,147,99,2
./fake_data/549.jpg| 414,220,447,253,2 113,165,206,258,1 412,35,461,84,1
./fake_data/550.jpg| 407,227,483,303,2
./fake_data/551.jpg| 276,197,343,264,1 10,309,83,382,2 402,203,443,244,1 383,51,486,154,2
./fake_data/552.jpg| 251,169,329,247,2
./fake_data/553.jpg| 162,162,281,281,1
./fake_data/554.jpg| 405,167,463,225,1 483,155,512,215,1 97,423,152,478,1 492,0,512,48,1
./fake_data/555.jpg| 463,251,512,307,2 294,157,359,222,2 508,353,512,384,1 443,93,512,164,1
./fake_data/556.jpg| 329,342,439,452,2 135,174,170,209,1
./fake_data/557.jpg| 318,162,436,280,2 393,466,473,512,2 28,364,126,462,1
./fake_data/558.jpg| 237,295,339,397,2
./fake_data/559.jpg| 133,295,160,322,2 18,95,107,184,1 178,36,210,68,2
./fake_data/560.jpg| 431,101,478,148,2 485,257,512,300,2
./fake_data/561.jpg| 425,337,502,414,2
./fake_data/562.jpg| 114,42,137,65,2 427,235,512,342,2 92,91,126,125,1
./fake_data/563.jpg| 260,259,352,351,2 211,418,275,482,2
./fake_data/564.jpg| 54,173,80,199,1 288,149,386,247,2 183,67,235,119,1 492,451,512,512,2
./fake_data/565.jpg| 474,137,512,244,2
./fake_data/566.jpg| 246,134,341,229,1 36,202,102,268,2 443,0,481,38,2
./fake_data/567.jpg| 375,157,485,267,2 197,271,289,363,2
./fake_data/568.jpg| 495,51,512,149,1 420,167,509,256,2 42,492,97,512,1
./fake_data/569.jpg| 173,128,225,180,2
./fake_data/570.jpg| 107,83,139,115,2
./fake_data/571.jpg| 93,239,188,334,2 5,222,58,275,1 196,408,240,452,1 258,273,337,352,1
./fake_data/572.jpg| 398,270,420,292,1
./fake_data/573.jpg| 224,103,285,164,1
./fake_data/574.jpg| 275,504,364,512,2 381,67,430,116,2
./fake_data/575.jpg| 138,450,209,512,2
./fake_data/576.jpg| 133,346,212,425,2 443,98,512,207,1
./fake_data/577.jpg| 449,321,487,359,2 228,121,296,189,1 91,96,128,133,2 213,354,243,384,1
./fake_data/578.jpg| 38,401,156,512,1
./fake_data/579.jpg| 202,479,293,512,2 360,411,429,480,2
./fake_data/580.jpg| 414,487,485,512,2 449,165,512,276,1 499,133,512,192,2 321,245,429,353,1
./fake_data/581.jpg| 325,44,433,152,1
./fake_data/582.jpg| 477,260,498,281,1
./fake_data/583.jpg| 14,333,99,418,2 361,165,405,209,2
./fake_data/584.jpg| 388,68,483,163,2 368,415,483,512,1 232,324,351,443,1
./fake_data/585.jpg| 188,8,307,127,2 151,122,223,194,2 421,354,488,421,2 189,360,232,403,1
./fake_data/586.jpg| 117,158,189,230,1 425,204,512,299,2 83,111,141,169,2 315,370,364,419,2
./fake_data/587.jpg| 384,461,462,512,2 104,425,171,492,2
./fake_data/588.jpg| 109,132,219,242,2 88,471,167,512,2
./fake_data/589.jpg| 332,372,395,435,2 339,224,369,254,2
./fake_data/590.jpg| 81,193,130,242,2 402,457,422,477,2
./fake_data/591.jpg| 509,338,512,429,2 419,216,485,282,2 309,185,366,242,1 364,454,466,512,2
./fake_data/592.jpg| 21,218,115,312,1 257,418,328,489,1 224,22,249,47,2 359,4,394,39,2
./fake_data/593.jpg| 36,482,146,512,2 325,139,403,217,2
./fake_data/594.jpg| 378,383,426,431,1 122,494,148,512,1 421,252,469,300,2 478,475,512,512,2
./fake_data/595.jpg| 301,367,321,387,2 402,424,431,453,2
./fake_data/596.jpg| 504,499,512,512,2
./fake_data/597.jpg| 88,135,121,168,2
./fake_data/598.jpg| 219,497,287,512,2 449,434,502,487,2 274,31,321,78,2
./fake_data/599.jpg| 20,13,53,46,1 392,121,451,180,2 480,193,512,249,1
./fake_data/600.jpg| 141,5,195,59,1 178,311,271,404,2 398,256,486,344,2
./fake_data/601.jpg| 145,78,168,101,1 217,421,241,445,2 58,414,140,496,2
./fake_data/602.jpg| 83,494,108,512,1
./fake_data/603.jpg| 457,432,512,491,2 84,348,154,418,2
./fake_data/604.jpg| 462,219,489,246,1 125,444,157,476,1
./fake_data/605.jpg| 356,397,406,447,1
./fake_data/606.jpg| 484,508,512,512,2 166,260,192,286,2 318,261,420,363,2
./fake_data/607.jpg| 72,214,119,261,1
./fake_data/608.jpg| 316,187,408,279,2 196,145,301,250,1 444,442,512,512,1 84,372,126,414,1
./fake_data/609.jpg| 98,150,189,241,2 359,459,459,512,1
./fake_data/610.jpg| 437,160,512,274,2 482,224,512,300,2
./fake_data/611.jpg| 113,242,133,262,1 288,226,357,295,2 129,455,160,486,2
./fake_data/612.jpg| 59,107,163,211,2 462,178,512,291,1 309,510,389,512,2
./fake_data/613.jpg| 78,263,183,368,1 445,213,512,325,1 325,118,373,166,2 376,320,401,345,1
./fake_data/614.jpg| 239,19,351,131,2
./fake_data/615.jpg| 317,482,342,507,2 40,54,115,129,2 168,105,213,150,2
./fake_data/616.jpg| 448,453,512,512,2 408,397,512,507,2 21,360,99,438,2
./fake_data/617.jpg| 478,214,512,263,1 477,299,505,327,2 344,193,442,291,1
./fake_data/618.jpg| 386,12,481,107,2 190,311,229,350,2 457,315,512,420,2
./fake_data/619.jpg| 503,359,512,443,1 355,454,377,476,2 262,30,359,127,2 511,138,512,212,1
./fake_data/620.jpg| 158,190,230,262,1 45,158,78,191,2 283,4,375,96,1 87,133,112,158,1
./fake_data/621.jpg| 372,481,484,512,1 495,212,512,322,1
./fake_data/622.jpg| 447,96,512,175,2 378,5,474,101,2 385,249,446,310,2 431,416,512,512,2
./fake_data/623.jpg| 21,493,56,512,2 134,465,217,512,2 441,299,512,400,1 101,422,147,468,1
./fake_data/624.jpg| 439,468,477,506,2 254,444,300,490,1
./fake_data/625.jpg| 343,447,370,474,1
./fake_data/626.jpg| 314,289,383,358,2 500,291,512,333,2 411,82,433,104,2 207,54,248,95,2
./fake_data/627.jpg| 464,33,512,150,1
./fake_data/628.jpg| 231,4,285,58,2 56,67,144,155,2 354,277,405,328,1
./fake_data/629.jpg| 61,61,144,144,1
./fake_data/630.jpg| 76,84,111,119,2
./fake_data/631.jpg| 203,406,288,491,1 159,141,222,204,1 379,233,494,348,2 137,110,219,192,1
./fake_data/632.jpg| 410,427,451,468,2
./fake_data/633.jpg| 252,302,348,398,1
./fake_data/634.jpg| 255,233,331,309,1 427,68,512,164,1
./fake_data/635.jpg| 354,213,379,238,2
./fake_data/636.jpg| 469,338,512,386,2 382,290,487,395,2 252,139,279,166,1 132,431,163,462,2
./fake_data/637.jpg| 132,68,181,117,1
./fake_data/638.jpg| 210,433,284,507,1 289,29,373,113,2 239,236,261,258,1 458,20,512,88,2
./fake_data/639.jpg| 401,75,460,134,1 150,32,267,149,1 69,510,128,512,2
./fake_data/640.jpg| 111,67,211,167,1 509,424,512,459,1 97,10,124,37,1 16,150,79,213,1
./fake_data/641.jpg| 469,382,512,499,1
./fake_data/642.jpg| 280,436,388,512,2
./fake_data/643.jpg| 481,52,512,133,1 91,50,132,91,2
./fake_data/644.jpg| 419,460,445,486,2 111,256,131,276,2 403,408,423,428,1 198,128,262,192,1
./fake_data/645.jpg| 279,496,386,512,1 305,212,404,311,1
./fake_data/646.jpg| 43,494,68,512,2
./fake_data/647.jpg| 192,16,264,88,2 143,3,181,41,2
./fake_data/648.jpg| 192,81,254,143,2 436,79,512,169,2 15,102,90,177,2
./fake_data/649.jpg| 130,27,176,73,2 44,472,66,494,2 6,186,95,275,2 504,440,512,464,2
./fake_data/650.jpg| 350,338,429,417,1 212,320,245,353,2
./fake_data/651.jpg| 427,17,473,63,2 156,452,273,512,1
./fake_data/652.jpg| 479,367,512,400,1 251,3,278,30,1
./fake_data/653.jpg| 32,23,115,106,2 314,241,345,272,2 424,159,512,271,1
./fake_data/654.jpg| 85,477,132,512,2
./fake_data/655.jpg| 161,30,190,59,2 246,92,360,206,1 128,4,205,81,2 260,477,376,512,1
./fake_data/656.jpg| 490,187,512,218,2 68,131,143,206,2
./fake_data/657.jpg| 238,66,302,130,2 174,274,218,318,1 229,262,303,336,2
./fake_data/658.jpg| 494,269,512,297,1
./fake_data/659.jpg| 111,397,141,427,1 102,459,139,496,2
./fake_data/660.jpg| 357,360,389,392,1 197,127,233,163,1
./fake_data/661.jpg| 207,51,291,135,1
./fake_data/662.jpg| 94,409,171,486,1 221,28,322,129,1 207,96,313,202,1 349,416,437,504,2
./fake_data/663.jpg| 489,271,512,375,2 484,163,512,243,1
./fake_data/664.jpg| 54,45,150,141,1 111,52,192,133,1
./fake_data/665.jpg| 429,359,512,461,2 60,305,175,420,2 149,0,208,59,1 196,22,256,82,2
./fake_data/666.jpg| 301,450,326,475,1 166,185,279,298,1 6,94,117,205,2 266,349,308,391,1
./fake_data/667.jpg| 420,417,512,512,2
./fake_data/668.jpg| 337,101,407,171,2 140,371,166,397,2 427,421,461,455,2 415,94,462,141,1
./fake_data/669.jpg| 402,186,465,249,2 131,246,221,336,1
./fake_data/670.jpg| 103,299,198,394,2 178,267,209,298,1
./fake_data/671.jpg| 346,363,404,421,2 278,398,331,451,1 457,114,512,197,2
./fake_data/672.jpg| 286,350,353,417,2 312,154,418,260,2
./fake_data/673.jpg| 490,416,512,475,1
./fake_data/674.jpg| 364,231,394,261,1 251,202,272,223,1
./fake_data/675.jpg| 300,168,386,254,1 62,497,116,512,2 489,490,512,512,1
./fake_data/676.jpg| 55,161,112,218,2 315,178,430,293,1
./fake_data/677.jpg| 70,32,169,131,1 501,218,512,299,1
./fake_data/678.jpg| 383,165,437,219,2 55,508,155,512,2 12,390,95,473,1 136,51,180,95,1
./fake_data/679.jpg| 207,127,317,237,1 440,128,512,245,2 241,496,360,512,2
./fake_data/680.jpg| 32,25,151,144,2 306,33,334,61,1 120,126,202,208,2
./fake_data/681.jpg| 199,448,238,487,1 420,165,459,204,1 39,340,120,421,1
./fake_data/682.jpg| 79,25,160,106,2 467,456,512,512,2 422,101,512,215,1 55,413,133,491,2
./fake_data/683.jpg| 217,234,298,315,1 123,30,223,130,2 438,125,479,166,1 327,289,366,328,2
./fake_data/684.jpg| 163,11,208,56,1 155,253,210,308,1 96,380,212,496,2 222,444,320,512,2
./fake_data/685.jpg| 334,88,441,195,1
./fake_data/686.jpg| 328,241,396,309,1
./fake_data/687.jpg| 447,331,512,436,2 247,69,331,153,2 329,240,396,307,2 489,436,512,512,2
./fake_data/688.jpg| 133,458,178,503,1
./fake_data/689.jpg| 331,157,412,238,1
./fake_data/690.jpg| 326,404,388,466,1 319,5,430,116,1
./fake_data/691.jpg| 115,234,172,291,1 391,167,447,223,2 127,391,180,444,2
./fake_data/692.jpg| 215,251,330,366,2 467,408,510,451,2 123,64,195,136,1
./fake_data/693.jpg| 509,155,512,219,1 294,170,399,275,2 480,211,512,297,1 20,285,128,393,1
./fake_data/694.jpg| 498,458,512,512,1
./fake_data/695.jpg| 416,199,488,271,2 228,396,261,429,2 97,327,127,357,1
./fake_data/696.jpg| 246,408,333,495,2 507,371,512,436,2
./fake_data/697.jpg| 475,69,512,178,1
./fake_data/698.jpg| 332,180,436,284,2 483,109,512,156,1 141,81,211,151,1
./fake_data/699.jpg| 170,180,246,256,1 464,22,512,118,2 225,44,279,98,1 436,88,512,193,1
./fake_data/700.jpg| 380,77,417,114,2 397,251,425,279,2 466,478,504,512,1 221,341,289,409,2
./fake_data/701.jpg| 18,149,60,191,1
./fake_data/702.jpg| 418,374,456,412,1 72,395,174,497,2 315,396,414,495,1 450,307,478,335,1
./fake_data/703.jpg| 35,310,80,355,1 244,350,309,415,2
./fake_data/704.jpg| 296,42,384,130,2 318,195,388,265,1
./fake_data/705.jpg| 287,132,371,216,2 342,150,398,206,1 136,424,174,462,1
./fake_data/706.jpg| 169,328,260,419,1 375,361,401,387,2 466,500,497,512,2 473,283,512,383,1
./fake_data/707.jpg| 231,128,290,187,2 177,344,289,456,2 161,268,225,332,1 263,384,328,449,1
./fake_data/708.jpg| 66,477,115,512,1
./fake_data/709.jpg| 271,412,314,455,1 80,234,151,305,2
./fake_data/710.jpg| 316,493,379,512,2 75,375,102,402,1 218,25,295,102,1 480,213,512,265,2
./fake_data/711.jpg| 168,44,233,109,1 366,388,414,436,2 175,300,281,406,1
./fake_data/712.jpg| 416,420,495,499,1
./fake_data/713.jpg| 423,341,485,403,2
./fake_data/714.jpg| 13,281,53,321,1 131,114,231,214,1 354,304,467,417,1
./fake_data/715.jpg| 409,184,442,217,1 475,162,512,276,1
./fake_data/716.jpg| 48,477,147,512,2
./fake_data/717.jpg| 32,1,120,89,1
./fake_data/718.jpg| 439,255,481,297,2 230,306,270,346,1 373,343,486,456,1
./fake_data/719.jpg| 366,138,396,168,1 379,196,424,241,2 269,92,325,148,2 373,88,467,182,1
./fake_data/720.jpg| 243,147,295,199,2
./fake_data/721.jpg| 109,460,157,508,2 314,61,407,154,2
./fake_data/722.jpg| 102,260,127,285,2 179,284,241,346,1
./fake_data/723.jpg| 343,206,430,293,2 99,394,128,423,1
./fake_data/724.jpg| 206,201,319,314,2
./fake_data/725.jpg| 303,483,363,512,2
./fake_data/726.jpg| 11,302,108,399,2 421,215,505,299,2 364,320,412,368,1
./fake_data/727.jpg| 104,261,139,296,2 256,237,336,317,2 400,228,498,326,2 211,71,264,124,2
./fake_data/728.jpg| 433,287,511,365,2
./fake_data/729.jpg| 44,129,136,221,1 389,327,460,398,1
./fake_data/730.jpg| 504,488,512,512,1 492,454,512,512,1
./fake_data/731.jpg| 492,193,512,233,1 293,368,336,411,2 248,52,294,98,2 358,290,382,314,2
./fake_data/732.jpg| 96,405,156,465,2 379,490,425,512,2 395,367,444,416,1
./fake_data/733.jpg| 25,477,132,512,1
./fake_data/734.jpg| 497,69,512,178,1
./fake_data/735.jpg| 108,48,132,72,2
./fake_data/736.jpg| 7,248,32,273,2 454,119,512,238,1 394,477,509,512,1 124,18,234,128,2
./fake_data/737.jpg| 326,479,375,512,2
./fake_data/738.jpg| 28,172,61,205,2 14,232,105,323,1 146,185,178,217,1
./fake_data/739.jpg| 33,48,95,110,2 385,352,495,462,1
./fake_data/740.jpg| 446,431,475,460,1 90,281,163,354,2
./fake_data/741.jpg| 7,133,87,213,1
./fake_data/742.jpg| 209,361,314,466,2 471,494,512,512,1 471,387,502,418,2
./fake_data/743.jpg| 454,144,499,189,2 212,341,263,392,1 411,219,486,294,2
./fake_data/744.jpg| 362,481,405,512,1 317,206,353,242,2
./fake_data/745.jpg| 122,355,222,455,2
./fake_data/746.jpg| 65,209,101,245,2 310,159,423,272,1 331,428,445,512,2 57,139,91,173,1
./fake_data/747.jpg| 496,55,512,165,2 77,480,155,512,2 200,119,286,205,1 285,136,327,178,2
./fake_data/748.jpg| 450,134,512,227,2 220,265,328,373,1
./fake_data/749.jpg| 238,339,337,438,1 204,99,247,142,2 297,372,341,416,1 351,68,394,111,2
./fake_data/750.jpg| 302,429,337,464,2 173,409,220,456,1
./fake_data/751.jpg| 236,351,278,393,1 457,256,512,362,2 29,204,75,250,2
./fake_data/752.jpg| 191,212,222,243,2 392,454,504,512,1
./fake_data/753.jpg| 326,198,388,260,2 70,187,146,263,1 432,397,512,509,1
./fake_data/754.jpg| 195,340,268,413,1 75,98,179,202,1
./fake_data/755.jpg| 174,331,282,439,1 39,330,63,354,1
./fake_data/756.jpg| 217,390,306,479,2
./fake_data/757.jpg| 176,227,200,251,1 154,472,245,512,1 71,142,132,203,1
./fake_data/758.jpg| 272,339,364,431,2 503,467,512,505,2
./fake_data/759.jpg| 224,84,307,167,2
./fake_data/760.jpg| 504,363,512,394,2 217,409,269,461,2 84,99,104,119,2
./fake_data/761.jpg| 433,104,512,195,2 433,8,512,102,2
./fake_data/762.jpg| 420,142,492,214,2
./fake_data/763.jpg| 346,139,412,205,1 23,170,59,206,1 2,215,46,259,1 130,433,185,488,1
./fake_data/764.jpg| 236,70,304,138,1 232,111,276,155,1
./fake_data/765.jpg| 483,42,512,155,2 167,442,215,490,2 469,479,495,505,2 77,472,175,512,1
./fake_data/766.jpg| 338,101,359,122,2 492,496,512,512,1
./fake_data/767.jpg| 363,133,464,234,1 84,511,127,512,2
./fake_data/768.jpg| 364,76,428,140,2
./fake_data/769.jpg| 29,217,64,252,2 275,260,357,342,1 433,31,460,58,1 340,437,389,486,1
./fake_data/770.jpg| 260,90,328,158,1 81,40,190,149,2 171,294,232,355,2
./fake_data/771.jpg| 339,294,420,375,2 320,510,384,512,2
./fake_data/772.jpg| 281,204,326,249,2 91,98,159,166,2 286,129,313,156,1 158,143,206,191,2
./fake_data/773.jpg| 237,381,346,490,1 187,400,294,507,2
./fake_data/774.jpg| 434,63,509,138,2 439,30,512,118,2 94,189,211,306,1
./fake_data/775.jpg| 426,457,512,512,1
./fake_data/776.jpg| 373,150,399,176,2 323,97,369,143,1 441,49,484,92,1
./fake_data/777.jpg| 269,456,344,512,2 123,181,229,287,1 391,459,443,511,2
./fake_data/778.jpg| 333,43,384,94,1 461,445,512,512,1 305,133,422,250,1 116,260,200,344,2
./fake_data/779.jpg| 206,147,291,232,1
./fake_data/780.jpg| 89,386,128,425,1 76,267,170,361,1 409,207,512,313,2
./fake_data/781.jpg| 271,261,382,372,2 292,31,379,118,1 189,477,249,512,2 16,341,84,409,2
./fake_data/782.jpg| 416,224,458,266,2
./fake_data/783.jpg| 381,301,406,326,2 9,490,43,512,2
./fake_data/784.jpg| 506,268,512,301,1 207,206,267,266,1
./fake_data/785.jpg| 235,446,331,512,1 28,184,89,245,1
./fake_data/786.jpg| 250,80,308,138,2 137,4,225,92,2
./fake_data/787.jpg| 53,313,123,383,2 344,488,448,512,2 378,389,492,503,2
./fake_data/788.jpg| 207,222,245,260,2 498,65,512,168,2 112,379,218,485,1 504,159,512,274,1
./fake_data/789.jpg| 52,113,136,197,1
./fake_data/790.jpg| 36,317,94,375,1
./fake_data/791.jpg| 276,346,302,372,2 12,22,110,120,2
./fake_data/792.jpg| 382,9,424,51,1 294,68,368,142,1 415,369,483,437,1 156,168,186,198,2
./fake_data/793.jpg| 366,385,392,411,2
./fake_data/794.jpg| 403,290,486,373,1 400,430,486,512,1 12,467,114,512,1 510,89,512,148,1
./fake_data/795.jpg| 2,106,94,198,1 452,69,512,145,1 83,283,180,380,2 415,129,512,244,2
./fake_data/796.jpg| 132,96,190,154,1 233,213,284,264,2
./fake_data/797.jpg| 464,146,495,177,2 84,153,170,239,2 165,128,283,246,2
./fake_data/798.jpg| 314,255,389,330,1 59,270,79,290,1 230,189,291,250,1
./fake_data/799.jpg| 108,389,142,423,1 169,46,282,159,2 105,92,155,142,1
./fake_data/800.jpg| 326,272,396,342,1 66,474,136,512,1 135,378,184,427,1 287,451,328,492,1
./fake_data/801.jpg| 99,299,149,349,1 395,357,486,448,1 411,88,510,187,2
./fake_data/802.jpg| 199,141,247,189,2 70,427,129,486,1
./fake_data/803.jpg| 435,284,455,304,2
./fake_data/804.jpg| 371,342,399,370,2 34,438,108,512,2
./fake_data/805.jpg| 255,225,366,336,2 47,294,131,378,1 170,416,204,450,1 394,229,421,256,2
./fake_data/806.jpg| 376,440,412,476,2
./fake_data/807.jpg| 332,136,417,221,1
./fake_data/808.jpg| 264,382,348,466,1 392,122,481,211,2 200,33,305,138,2 476,460,512,496,2
./fake_data/809.jpg| 116,243,200,327,2 240,151,284,195,2 428,309,458,339,1 486,191,512,254,1
./fake_data/810.jpg| 382,62,462,142,1 126,297,245,416,1 208,175,306,273,2 126,342,177,393,1
./fake_data/811.jpg| 93,499,133,512,2
./fake_data/812.jpg| 66,160,137,231,1 506,417,512,469,1
./fake_data/813.jpg| 339,321,406,388,2 147,53,209,115,2 156,243,215,302,1 215,142,328,255,2
./fake_data/814.jpg| 370,32,413,75,1 62,415,112,465,2
./fake_data/815.jpg| 18,292,104,378,1 18,28,92,102,2
./fake_data/816.jpg| 259,230,351,322,2 252,5,318,71,2
./fake_data/817.jpg| 116,341,161,386,2 353,221,376,244,1
./fake_data/818.jpg| 187,25,276,114,1 129,354,214,439,2
./fake_data/819.jpg| 149,314,238,403,2 231,82,316,167,2 135,44,245,154,1
./fake_data/820.jpg| 458,192,512,307,2 119,96,140,117,1 289,83,393,187,2
./fake_data/821.jpg| 34,341,65,372,1
./fake_data/822.jpg| 68,477,155,512,2 35,489,136,512,2 26,367,74,415,2
./fake_data/823.jpg| 508,421,512,485,1 37,490,85,512,2 242,90,301,149,1
./fake_data/824.jpg| 485,424,512,472,2 87,31,141,85,2
./fake_data/825.jpg| 431,295,512,387,2
./fake_data/826.jpg| 197,204,312,319,2 452,99,476,123,1 263,297,284,318,2
./fake_data/827.jpg| 8,19,85,96,1 289,336,381,428,2 171,216,246,291,1 65,5,110,50,1
./fake_data/828.jpg| 119,112,140,133,1
./fake_data/829.jpg| 98,405,129,436,1 84,375,173,464,1 108,206,133,231,2 99,429,154,484,2
./fake_data/830.jpg| 279,93,352,166,2
./fake_data/831.jpg| 312,187,339,214,2 23,204,127,308,2 87,342,131,386,2
./fake_data/832.jpg| 442,319,512,408,1
./fake_data/833.jpg| 52,78,164,190,2 429,363,512,466,2 451,320,512,418,1 479,265,512,363,1
./fake_data/834.jpg| 311,499,404,512,1 358,313,434,389,2 502,60,512,104,1
./fake_data/835.jpg| 266,205,295,234,2 20,489,56,512,1
./fake_data/836.jpg| 130,24,222,116,2 8,303,110,405,2
./fake_data/837.jpg| 25,371,75,421,2 97,192,193,288,2 193,78,289,174,1 233,500,310,512,1
./fake_data/838.jpg| 26,304,128,406,1
./fake_data/839.jpg| 226,223,250,247,2 61,300,144,383,1 95,146,184,235,1
./fake_data/840.jpg| 465,294,512,398,2 313,370,405,462,2 228,502,262,512,1
./fake_data/841.jpg| 132,157,177,202,2 223,158,295,230,2 385,253,409,277,1
./fake_data/842.jpg| 363,491,387,512,1
./fake_data/843.jpg| 477,401,512,504,2 393,308,419,334,2 229,280,277,328,2
./fake_data/844.jpg| 268,313,316,361,1 454,351,512,446,1 398,506,483,512,2
./fake_data/845.jpg| 169,433,227,491,2 2,137,64,199,2
./fake_data/846.jpg| 298,370,374,446,1
./fake_data/847.jpg| 357,44,399,86,1 97,208,168,279,1 95,210,125,240,1 45,208,77,240,2
./fake_data/848.jpg| 340,504,381,512,1 160,291,259,390,2
./fake_data/849.jpg| 494,130,512,214,1 291,125,336,170,1 110,191,205,286,2 509,342,512,371,1
./fake_data/850.jpg| 187,460,263,512,2
./fake_data/851.jpg| 268,467,314,512,1 368,270,418,320,2 299,183,397,281,1
./fake_data/852.jpg| 21,402,116,497,1 189,489,267,512,1
./fake_data/853.jpg| 2,249,89,336,1 149,181,200,232,2 407,40,463,96,2 262,229,284,251,2
./fake_data/854.jpg| 197,387,254,444,2 8,403,127,512,1 106,56,223,173,1
./fake_data/855.jpg| 160,370,181,391,1 89,475,144,512,1 76,3,161,88,2
./fake_data/856.jpg| 441,181,485,225,2 124,429,160,465,1
./fake_data/857.jpg| 229,36,324,131,1 82,494,151,512,1
./fake_data/858.jpg| 231,205,300,274,2
./fake_data/859.jpg| 384,312,431,359,2
./fake_data/860.jpg| 73,297,127,351,1 451,80,478,107,2 372,497,469,512,2 47,86,74,113,2
./fake_data/861.jpg| 390,286,503,399,1
./fake_data/862.jpg| 70,243,100,273,2 359,391,406,438,1 303,193,400,290,1 44,87,138,181,2
./fake_data/863.jpg| 355,510,465,512,1 132,438,179,485,2 241,254,297,310,1
./fake_data/864.jpg| 75,53,127,105,1 46,292,109,355,1 388,266,503,381,2
./fake_data/865.jpg| 291,68,380,157,1 392,181,471,260,2 208,278,310,380,1
./fake_data/866.jpg| 111,138,222,249,1 73,338,172,437,1 133,24,252,143,1 34,22,118,106,2
./fake_data/867.jpg| 504,306,512,340,2 509,199,512,249,1
./fake_data/868.jpg| 193,10,280,97,2 140,453,252,512,1 307,113,376,182,2
./fake_data/869.jpg| 258,276,320,338,2 238,508,263,512,1 232,380,317,465,2 47,66,78,97,2
./fake_data/870.jpg| 216,189,328,301,1 431,450,512,512,2 402,295,448,341,2 423,111,494,182,2
./fake_data/871.jpg| 202,274,274,346,2 268,198,339,269,1 179,84,246,151,2 416,51,455,90,2
./fake_data/872.jpg| 173,111,233,171,2
./fake_data/873.jpg| 483,331,512,371,1 118,382,207,471,1 34,443,149,512,1 123,247,169,293,2
./fake_data/874.jpg| 82,425,145,488,2 206,164,290,248,1 218,291,264,337,2
./fake_data/875.jpg| 356,160,378,182,1 83,457,176,512,2
./fake_data/876.jpg| 202,13,297,108,1 89,360,140,411,2
./fake_data/877.jpg| 227,188,277,238,1 93,215,147,269,1 321,144,403,226,2
./fake_data/878.jpg| 429,373,450,394,2
./fake_data/879.jpg| 451,233,482,264,1 229,456,319,512,2 447,272,490,315,2 195,142,215,162,2
./fake_data/880.jpg| 413,61,492,140,2
./fake_data/881.jpg| 176,477,238,512,2 180,96,246,162,1 2,30,111,139,1 76,447,181,512,1
./fake_data/882.jpg| 403,53,509,159,1
./fake_data/883.jpg| 222,464,312,512,1 417,3,482,68,1 384,303,492,411,1
./fake_data/884.jpg| 502,43,512,90,1 466,104,512,199,1
./fake_data/885.jpg| 248,13,291,56,2 307,2,393,88,1
./fake_data/886.jpg| 447,373,481,407,2 82,464,131,512,1
./fake_data/887.jpg| 372,258,393,279,1 464,89,512,148,2
./fake_data/888.jpg| 371,342,447,418,1 41,93,67,119,1 40,290,90,340,2
./fake_data/889.jpg| 90,402,196,508,2 492,81,512,148,2 230,55,309,134,2 223,349,324,450,2
./fake_data/890.jpg| 246,272,346,372,1
./fake_data/891.jpg| 213,167,256,210,2 33,336,88,391,2 123,359,183,419,2
./fake_data/892.jpg| 356,43,448,135,1 492,492,512,512,1 93,290,119,316,1
./fake_data/893.jpg| 492,482,512,512,2 404,172,428,196,1 466,196,498,228,1
./fake_data/894.jpg| 165,374,240,449,1 360,369,438,447,1
./fake_data/895.jpg| 488,343,512,427,2 267,339,300,372,2 253,489,320,512,2 252,39,320,107,1
./fake_data/896.jpg| 324,276,370,322,2 160,225,260,325,2 288,211,353,276,1
./fake_data/897.jpg| 167,142,196,171,2 415,102,458,145,1 88,167,140,219,1 251,399,326,474,2
./fake_data/898.jpg| 310,286,395,371,1 471,129,512,239,2 332,427,359,454,1 322,211,408,297,2
./fake_data/899.jpg| 502,90,512,114,1 425,511,498,512,1 457,119,512,210,2
./fake_data/900.jpg| 308,115,421,228,2 501,487,512,512,1 255,141,353,239,1
./fake_data/901.jpg| 94,334,114,354,1
./fake_data/902.jpg| 405,282,454,331,2
./fake_data/903.jpg| 120,44,166,90,1
./fake_data/904.jpg| 323,367,367,411,2 49,178,148,277,2 37,36,123,122,2 29,289,105,365,1
./fake_data/905.jpg| 496,19,512,45,2 359,477,461,512,1
./fake_data/906.jpg| 386,398,471,483,2
./fake_data/907.jpg| 63,17,119,73,1 117,93,227,203,2 44,498,73,512,2
./fake_data/908.jpg| 349,474,373,498,1 158,473,196,511,1 57,246,173,362,2
./fake_data/909.jpg| 476,7,512,93,2 451,360,512,455,2
./fake_data/910.jpg| 36,163,108,235,1
./fake_data/911.jpg| 72,383,131,442,2 479,209,512,307,1 355,204,400,249,2 100,414,213,512,2
./fake_data/912.jpg| 294,94,322,122,1
./fake_data/913.jpg| 91,326,155,390,1 107,393,145,431,2 320,63,348,91,2 170,320,281,431,2
./fake_data/914.jpg| 98,432,152,486,1
./fake_data/915.jpg| 441,213,483,255,2 282,195,400,313,1
./fake_data/916.jpg| 135,65,245,175,2 244,368,324,448,2
./fake_data/917.jpg| 456,13,512,87,2 313,266,341,294,1 275,203,306,234,2 342,87,384,129,1
./fake_data/918.jpg| 428,351,512,444,1 422,478,465,512,1 196,288,219,311,1 55,336,86,367,1
./fake_data/919.jpg| 411,248,451,288,2 509,16,512,62,1
./fake_data/920.jpg| 181,47,202,68,1 200,335,313,448,2 317,471,393,512,1 428,351,512,460,2
./fake_data/921.jpg| 146,477,261,512,2
./fake_data/922.jpg| 117,344,157,384,2 507,91,512,111,1 125,398,157,430,1
./fake_data/923.jpg| 334,388,408,462,1 7,150,58,201,2 158,328,275,445,2 380,50,444,114,1
./fake_data/924.jpg| 322,259,441,378,2 409,39,489,119,2
./fake_data/925.jpg| 342,226,412,296,1 59,308,124,373,1 388,316,481,409,2
./fake_data/926.jpg| 280,486,360,512,1 341,343,439,441,2 308,323,407,422,2 508,364,512,482,2
./fake_data/927.jpg| 339,130,406,197,1 293,99,367,173,1 175,308,237,370,2
./fake_data/928.jpg| 342,500,376,512,1
./fake_data/929.jpg| 99,405,165,471,2
./fake_data/930.jpg| 64,62,174,172,1
./fake_data/931.jpg| 150,42,223,115,1
./fake_data/932.jpg| 313,464,385,512,2 481,102,512,155,2 36,138,147,249,2
./fake_data/933.jpg| 227,330,292,395,2 256,341,316,401,2 344,271,455,382,2
./fake_data/934.jpg| 38,229,79,270,2 354,35,449,130,1 394,404,473,483,2
./fake_data/935.jpg| 463,391,512,468,1 489,382,512,433,1 44,432,150,512,1 453,208,512,315,1
./fake_data/936.jpg| 133,301,172,340,1 507,48,512,70,2 43,305,104,366,2
./fake_data/937.jpg| 307,259,376,328,2 350,187,425,262,1 277,469,300,492,2
./fake_data/938.jpg| 333,434,450,512,1
./fake_data/939.jpg| 3,213,116,326,2 371,470,487,512,2 382,204,457,279,2
./fake_data/940.jpg| 496,423,512,512,1
./fake_data/941.jpg| 314,226,421,333,1 415,362,471,418,1 455,388,512,459,1
./fake_data/942.jpg| 96,443,119,466,1 275,240,326,291,1
./fake_data/943.jpg| 457,88,512,179,2 340,317,374,351,1 38,131,121,214,2 282,470,343,512,2
./fake_data/944.jpg| 49,476,111,512,2 383,294,494,405,2
./fake_data/945.jpg| 58,136,169,247,1 29,279,51,301,1
./fake_data/946.jpg| 406,379,512,489,2
./fake_data/947.jpg| 491,469,512,512,1
./fake_data/948.jpg| 265,43,376,154,1
./fake_data/949.jpg| 357,150,388,181,1
./fake_data/950.jpg| 250,216,270,236,2 195,376,308,489,1 233,492,337,512,2
./fake_data/951.jpg| 265,383,373,491,1 98,277,210,389,2 312,493,346,512,1 266,364,302,400,2
./fake_data/952.jpg| 451,76,512,156,2 251,93,337,179,2 363,284,427,348,2 204,487,315,512,1
./fake_data/953.jpg| 88,398,182,492,2 114,8,146,40,1 510,410,512,440,2 297,105,371,179,1
./fake_data/954.jpg| 277,420,317,460,1 362,448,413,499,1
./fake_data/955.jpg| 345,171,400,226,1 19,215,96,292,1
./fake_data/956.jpg| 88,403,205,512,1 65,161,147,243,2
./fake_data/957.jpg| 300,387,330,417,2
./fake_data/958.jpg| 448,146,477,175,1 63,480,142,512,2 218,243,290,315,1 226,76,261,111,1
./fake_data/959.jpg| 199,32,244,77,1 89,281,147,339,2 86,113,193,220,1
./fake_data/960.jpg| 322,397,399,474,2 18,2,70,54,1 321,63,408,150,1
./fake_data/961.jpg| 77,397,123,443,2 437,3,481,47,1 291,307,325,341,1
./fake_data/962.jpg| 49,401,116,468,1 69,168,96,195,2
./fake_data/963.jpg| 34,197,103,266,2 325,281,372,328,1
./fake_data/964.jpg| 39,477,107,512,2 77,76,112,111,1 269,497,382,512,1
./fake_data/965.jpg| 507,415,512,512,2
./fake_data/966.jpg| 495,36,512,101,2 210,190,272,252,1 443,380,505,442,1 423,202,491,270,2
./fake_data/967.jpg| 123,297,201,375,2
./fake_data/968.jpg| 335,444,422,512,1 107,470,213,512,1
./fake_data/969.jpg| 285,192,361,268,1
./fake_data/970.jpg| 218,318,256,356,2 9,368,122,481,1 133,179,166,212,1
./fake_data/971.jpg| 373,366,451,444,2 226,387,275,436,1
./fake_data/972.jpg| 392,118,494,220,2 139,223,245,329,1 312,0,393,81,2 255,388,332,465,2
./fake_data/973.jpg| 50,17,159,126,2 506,486,512,512,1 152,139,224,211,2
./fake_data/974.jpg| 418,174,464,220,2 99,144,148,193,1 361,374,476,489,1
./fake_data/975.jpg| 418,509,512,512,2 183,354,224,395,1 265,510,341,512,2 498,21,512,137,1
./fake_data/976.jpg| 322,128,430,236,1 278,362,307,391,2
./fake_data/977.jpg| 78,418,191,512,2 23,58,84,119,2 467,48,512,101,1 473,385,495,407,1
./fake_data/978.jpg| 6,484,78,512,1 419,8,478,67,2 37,318,78,359,1
./fake_data/979.jpg| 409,59,466,116,1 228,109,313,194,2 476,429,512,473,2
./fake_data/980.jpg| 394,11,416,33,2 279,72,335,128,1 61,444,150,512,1 355,24,380,49,1
./fake_data/981.jpg| 315,152,432,269,2
./fake_data/982.jpg| 208,243,256,291,1 471,158,500,187,1 226,498,251,512,2 181,388,204,411,1
./fake_data/983.jpg| 192,305,246,359,1 308,107,401,200,2
./fake_data/984.jpg| 511,134,512,165,2
./fake_data/985.jpg| 176,169,271,264,1
./fake_data/986.jpg| 27,229,95,297,2 121,457,173,509,1 368,86,428,146,1
./fake_data/987.jpg| 430,222,454,246,2 92,162,173,243,2
./fake_data/988.jpg| 340,116,390,166,1 350,67,403,120,2 88,196,137,245,2 295,23,332,60,2
./fake_data/989.jpg| 251,308,338,395,1
./fake_data/990.jpg| 65,68,182,185,1 257,433,327,503,1 252,456,293,497,2 498,216,512,274,1
./fake_data/991.jpg| 81,340,190,449,2 158,488,212,512,1 412,195,473,256,2 34,230,98,294,1
./fake_data/992.jpg| 80,175,151,246,2 410,166,452,208,1 346,126,429,209,2 460,329,512,381,1
./fake_data/993.jpg| 300,457,353,510,1
./fake_data/994.jpg| 100,334,215,449,2 193,11,297,115,1 80,184,159,263,1
./fake_data/995.jpg| 63,397,174,508,1
./fake_data/996.jpg| 188,372,297,481,1 431,222,503,294,2 17,441,122,512,1
./fake_data/997.jpg| 372,98,451,177,2
./fake_data/998.jpg| 480,268,511,299,1
./fake_data/999.jpg| 255,92,291,128,1 138,367,170,399,1 272,454,353,512,1